error 2
0.94185637700063563
1.0247964671849159
0.81147753078482365
0.78811819726127197
0.74555960659783149
0.75759795251776396
0.74013958411335012
0.73222104281851619
0.74240039314689277
0.70524627408304674
0.6906037683518319
0.70885742340172242
0.73830196651088997
0.73772389951512851
0.72780587513070072
0.80062706147341012
0.78615954472215122
0.74423622883769458
0.72117331303404331
0.79296624968661389
0.74017758280303159
0.60013272932747641
0.69295600987191341
0.90610679899324698
0.97375302987116963
0.82411109809336403
0.96463156242895964
2.3941296435859889
1.7159552636646238
3.58577812795758
1.5938044000139733
3.4045646494478889
2.3972301956759616
2.8091724815770385
2.2376437395090969
3.6503455498786526
3.4271286103408429
3.6503455498786526
2.6776815869580037
1.9353157266487631
4.1291809042091216
2.4719061983275008
3.4908538727975738
3.3634823661996145
3.8585056800337765
3.8585056800337765
3.8585056800337765
2.242183239318142
3.8585056800337765
3.9866532810170701
4.1291809042091216
4.1291809042091216
3.6503455498786526
4.3004341038901952
3.7321536607512673
2.9709180088243903
3.0047170046592195
3.4816444642968407
3.3401266578523576
3.8585056800337765
3.6767655842433902
3.5121045791956198
4.5142493107681325
3.4816444642968407
4.1291809042091216
3.4816444642968407
3.4816444642968407
3.8585056800337765
3.8773274565567655
4.1291809042091216
4.1291809042091216
3.8585056800337765
3.8585056800337765
3.8585056800337765
3.8585056800337765
4.1291809042091216
3.6503455498786526
3.6503455498786526
4.1291809042091216
4.1291809042091216
3.8585056800337765
3.6503455498786526
3.3401266578523576
3.8585056800337765
3.4816444642968407
4.1291809042091216
3.6503455498786526
4.1291809042091216
3.6503455498786526
3.4816444642968407
3.8585056800337765
3.6503455498786526
3.6503455498786526
3.8585056800337765
3.6503455498786526
4.1291809042091216
3.8585056800337765
3.6503455498786526
3.6503455498786526
